2155
6073
7132
7496
7797
7873
7878
9057
9663
11912
12685
13661
15141
15775
16397
16826
17405
18382
18521
19251
19406
19715
20125
20572
20712
20969
25606
26642
27881
27903
30490
30757
31250
31325
32014
33595
33964
36880
37969
38352
40683
42146
43374
44862
44973
45546
46242
47777
48112
48406
49831
55793
57514
58065
58643
61419
61609
62093
63232
63401
64911
65842
66593
67632
69348
70200
72247
75494
82728
83080
84081
84867
85348
87865
89125
91208
91638
95263
96030
96868
98689
100229
101203
103963
104318
107235
107244
110886
111356
115750
115769
116568
117110
118904
120232
123389
124744
125197
126967
127588
129892
138616
138630
139090
149189
151664
152774
162295
166252
166650
167093
168462
173005
173891
175199
178603
184096
188395
189614
190630
192282
192890
195215
196622
199750
200870
202982
209521
214124
215909
216517
218704
224956
227541
232345
236943
237696
238190
239315
239572
239822
240514
240787
241480
243550
243745
245051
246952
247354
247766
248553
250618
250849
251804
252891
20069492
20071113
20072675
20076703
20076716
20078138
20078199
20080144
20083712
20086220
20102016
20107048
20107291
20110680
20110793
20111890
20112837
20116250
20118205
20119334
20121835
20127005
20128038
20129068
20139799
20140994
20141798
20141941
20143081
20143166
20145532
20147698
20149247
20149733
20150091
20150440
20151933
20152911
20157774
20159389
20161971
20163197
20164694
20165358
20166612
20167082
20167097
20169555
20170327
20170958
20173348
20176044
20178908
20180408
20184565
20185851
20185985
20187821
20190092
20195203
20198000
20199581
20201415
20208404
20213054
20222523
20230197
20240355
40000026
40000037
40000038
40000040
40000107
40000135
40000196
40000242
40000298
40000317
40000337
40000359
40000365
40000379
40000380
40000404
40000434
40000436
40000440
40000495
40000684
40000741
40000990
40001133
40001222
40001288
40001567
40001598
40001732
40001767
40002049
40002284
40002289
40002526
40002718
40003021
40003120
40003487
40003860
40003864
40004060
40004197
40004199
40004200
40004253
40004286
40004314
40004473
40004566
40004610
40004644
40004818
40004910
40005103
40005434
40006218
40006240
40006347
40006668
40006869
40007199
40007575
40007775
40007987
40008184
40010304
40010412
40010833
40011222
40011259
40011583
40011836
40012235
40012625
40012851
40012919
40012986
40013476
40013863
40013905
40013980
40013985
40014340
40014818
40015008
40015352
40015681
40015696
40016426
40016872
40017272
40017616
40018169
40018285
40018776
40019259
40019387
40019774
40020364
40020953
40021329
40022482
40022542
40023012
40023368
40023382
40024175
40024376
40025570
40025680
40026258
40027013
40027308
40027337
40027353
40027888
40028392
40028665
40028767
40029188
40029383
40029712
40030208
40032231
40033186
40033503
40034649
40034942
40035128
40035229
40035450
40037104
40038007
40038008
40038183
40039771
40039949
40040435
40040539
40040632
40040636
40040718
40041611
40041650
40041761
40041990
40041995
40042149
40043219
40043401
40043428
40043986
40044483
40044653
40045494
40045976
40046264
40047223
40047580
40048156
40048880
40049443
40049802
40050306
40051644
40051763
40052273
40053733
40053972
40054103
40054631
40054858
40055315
40055548
40055553
40056603
40057243
40057628
40057975
40057977
40058269
40059513
40059956
40060441
40060511
40061492
40061699
40062657
40062762
40063081
40063768
40063898
40064421
40064698
40065551
40065635
40065652
40066015
40066833
40068385
40068684
40069289
40069598
40071242
40071874
40072335
40072740
40073071
40073285
40074532
40074919
40076309
40076789
40078532
40078962
40080522
40080761
40080993
40081554
40082938
40083640
40084180
40084659
40086649
40086721
40087094
40087888
40089994
40095407
40095801
40097454
40097821
40097895
40097911
40097914
40098663
40100199
40100580
40100592
40101524
40101544
40102105
40102323
40102863
40103091
40104745
40106090
40106518
40106712
40107087
40108789
40109789
40111592
40114301
40115263
40115834
40117192
40118256
40118698
40118905
40119184
40119188
40120101
40121921
40124375
40124581
40125070
40126032
40127052
40127832
40129348
40129842
40130302
40131138
40134997
40135709
40136366
40136731
40137256
40137718
40139178
40141778
40142816
40142882
40144057
40144724
40145086
40145189
40145627
40146043
40146527
40146616
40147925
40147931
40148280
40148353
40148370
40151625
40152078
40152470
40152513
40152789
40152831
40153356
40154615
40155077
40155423
40155455
40156673
40156708
40158732
40159159
40162709
40163434
40163987
40164446
40167045
40168785
40171361
40173068
40173103
40173110
40174475
40174800
40174897
40181156
40182540
40182842
40183411
40184667
40184754
40185297
40188887
40191856
40192507
40193471
40193754
40193774
40197390
40197405
40198115
40199089
40199590
40201627
40204808
40205488
40205829
40206623
40209899
40211032
40211783
40212786
40216371
40219422
40220363
40220589
40220590
40227746
40228042
40228547
40231342
40231695
40233628
40234536
40234538
40234821
40236009
40237188
40237228
40240204
40240351
40240506
40240932
40244241
40244549
40249557
40252414
40256557
50000073
50000091
50000174
50000185
50000257
50000360
50000370
50000457
50000864
50001001
50001388
50001868
50002392
50002636
50002908
50003388
50003701
50003816
50004094
50004534
50004596
50004696
50004781
50004920
50004959
50005114
50005169
50005192
50005234
50005373
50005547
50005916
50006338
50006405
50006629
50007014
50007017
50007423
50007580
50007673
50008234
50008751
50008835
50009080
50009372
50009679
50009729
50010227
50010299
50011467
50011487
50011680
50011743
50012840
50012973
50013220
50013732
50013873
50013891
50014147
50014203
50014350
50014404
50015863
50016210
50016545
50017643
50017919
50017988
50018360
50019129
50020152
50020341
50020783
50021024
50021622
50021825
50022957
50023379
50023941
50024065
50024428
50024545
50024982
50025007
50025480
50025814
50025819
50026882
50027853
50028142
50028529
50028735
50029606
50030350
50031084
50031962
50032844
50033712
50034074
50034297
50034711
50035392
50035621
50037087
50037451
50038429
50038949
50039122
50040541
50041108
50041897
50043022
50043398
50043463
50044018
50044192
50044354
50044803
50046684
50046878
50047337
50047795
50048093
50049595
50049699
50050877
50051350
50051467
50053433
50053531
50054147
50054283
50055921
50057373
50058291
50058947
50059657
50060218
50060658
50060953
50061006
50061603
50061723
50062335
50063429
50063472
50067606
50067857
50069140
50072080
50072807
50074386
50075839
50076402
50081801
50082491
50083355
50083939
50084759
50085587
50087783
50088805
50089153
50090071
50091288
50091870
50092965
50093523
50094072
50095192
50096049
50096094
50098742
50098845
50099052
50099165
50099345
50099735
50101848
50103387
50103423
50105717
50106975
50113399
50113889
50116323
50118938
50118962
50120334
50120529
50121047
50121559
50124701
50129387
50129446
50129511
50133929
50136092
50138546
50139429
50141068
50141069
50144003
50145119
50147091
50148315
50149633
50149642
50153321
50156984
50157721
50158561
50158771
50160256
50161483
50162329
50162846
50165200
50165718
50183450
50183887
50184579
50184613
50186250
50189163
50190070
50193564
50197077
50197630
50198296
50198456
50200799
50201253
50209140
50212107
50215432
50216992
50222878
50225832
50232449
50238872
60049571
60051356
60059084
60063696
60068297
60070556
60071302
60073979
60076970
60079184
60080986
60082913
60084082
60085856
60086962
60088068
60088463
60088467
60089585
60090279
60092999
60094323
60095354
60096349
60096352
60101505
60103497
60106356
60112783
60112787
60121001
60122214
60123418
60123854
60126235
60129816
60131011
60134472
60135343
60142519
60152395
60156922
60157375
60161918
60163190
60163611
60164010
60165234
60165646
60168751
60170054
60187163
60192974
60195590
60207093
60209261
60211332
60211930
60215629
60224699
